a
tutorial01
2940
Buildings
1
(40.0, 0.0, 20.0)
Roads
22
(40.0, 0.2, 68.0)
(40.0, 0.2, 65.5)
(40.0, 0.2, 63.0)
(40.0, 0.2, 60.5)
(40.0, 0.2, 58.0)
(40.0, 0.2, 55.5)
(40.0, 0.2, 53.0)
(40.0, 0.2, 50.5)
(40.0, 0.2, 48.0)
(40.0, 0.2, 45.5)
(40.0, 0.2, 43.0)
(40.0, 0.2, 40.5)
(40.0, 0.2, 38.0)
(40.0, 0.2, 35.5)
(40.0, 0.2, 33.0)
(40.0, 0.2, 30.5)
(40.0, 0.2, 28.0)
(40.0, 0.2, 25.5)
(40.0, 0.2, 23.0)
(58.0, 0.2, 24.0)
(58.0, 0.2, 27.0)
(58.0, 0.2, 31.0)
Security
1
(40.3, 2.0, 29.1)
Cars
1
(39.4, 0.5, 65.0)
